caseids = list(
    set(df_trks.loc[df_trks['tname'] == 'SNUADC/ART', 'caseid']) & 
    set(df_trks.loc[df_trks['tname'] == 'SNUADC/ECG_II', 'caseid']) & 
    set(df_trks.loc[df_trks['tname'] == 'BIS/EEG1_WAV', 'caseid']) & 
    set(df_cases.loc[df_cases['age'] > 18, 'caseid']) & 
    set(df_cases.loc[df_cases['ane_type'] == 'General', 'caseid'])
)



[1, 3, 4, 7, 10, 12, 13, 14, 16, 17, 19, 20, 22, 24, 25, 26, 27, 29, 31, 34, 38, 43, 44, 46, 49, 50, 52, 53, 58, 59, 60, 61, 64, 65, 66, 67, 68, 69, 70, 74, 75, 77, 79, 83, 84, 87, 89, 91, 92, 93, 94, 96, 97, 98, 101, 103, 104, 105, 108, 110, 111, 112, 114, 116, 117, 118, 119, 124, 125, 126, 128, 130, 132, 135, 136, 137, 138, 139, 140, 142, 143, 145, 146, 148, 149, 152, 153, 156, 160, 161, 163, 166, 167, 172, 175, 177, 178, 181, 183, 184, 186, 190, 191, 195, 197, 198, 199, 200, 202, 203, 206, 207, 208, 210, 218, 221, 222, 229, 232, 233, 234, 236, 237, 239, 241, 244, 247, 250, 251, 252, 256, 258, 261, 263, 266, 268, 269, 270, 272, 279, 281, 282, 283, 286, 287, 293, 295, 296, 297, 300, 302, 303, 304, 306, 308, 309, 312, 316, 318, 319, 321, 323, 325, 326, 327, 330, 337, 338, 342, 343, 345, 347, 348, 349, 351, 353, 354, 355, 357, 358, 359, 362, 363, 367, 369, 370, 371, 375, 380, 381, 382, 383, 384, 386, 387, 388, 390, 397, 398, 402, 404, 405, 406, 408, 409, 413, 415, 416, 417, 418, 419, 424, 425, 427, 431, 435, 438, 439, 440, 441, 442, 445, 447, 448, 449, 451, 452, 455, 458, 462, 466, 469, 472, 474, 476, 478, 481, 483, 484, 485, 486, 488, 489, 490, 492, 495, 499, 505, 506, 512, 513, 516, 520, 521, 526, 530, 531, 535, 536, 537, 541, 543, 544, 545, 547, 550, 551, 553, 557, 559, 560, 561, 562, 563, 564, 565, 566, 567, 568, 570, 573, 576, 577, 578, 579, 582, 584, 585, 587, 590, 593, 594, 596, 599, 611, 612, 616, 617, 620, 621, 622, 624, 627, 628, 629, 631, 634, 636, 637, 641, 644, 645, 648, 649, 650, 652, 655, 657, 658, 659, 660, 663, 665, 666, 667, 671, 672, 676, 679, 680, 683, 684, 685, 687, 688, 689, 691, 693, 697, 698, 699, 702, 703, 706, 707, 711, 716, 719, 721, 722, 724, 725, 726, 728, 729, 730, 733, 734, 735, 737, 739, 740, 742, 744, 745, 746, 747, 748, 749, 750, 751, 752, 753, 755, 756, 757, 758, 761, 762, 763, 764, 765, 767, 768, 770, 772, 773, 774, 775, 776, 777, 779, 781, 783, 788, 792, 793, 794, 795, 796, 797, 800, 802, 807, 808, 810, 812, 813, 814, 815, 816, 817, 818, 819, 822, 825, 827, 830, 831, 833, 835, 841, 843, 845, 846, 847, 848, 851, 852, 853, 855, 859, 860, 864, 865, 866, 868, 869, 870, 871, 872, 876, 879, 880, 881, 883, 885, 886, 887, 890, 892, 894, 897, 898, 907, 911, 912, 913, 914, 916, 917, 919, 922, 925, 926, 931, 932, 933, 936, 937, 938, 939, 940, 944, 945, 946, 947, 948, 949, 952, 954, 957, 958, 959, 963, 967, 969, 971, 972, 973, 976, 977, 979, 980, 983, 984, 985, 986, 988, 990, 991, 992, 994, 995, 997, 1001, 1002, 1003, 1005, 1012, 1013, 1015, 1016, 1017, 1018, 1020, 1022, 1024, 1025, 1026, 1027, 1028, 1029, 1030, 1032, 1033, 1034, 1035, 1036, 1037, 1038, 1040, 1041, 1043, 1044, 1046, 1047, 1049, 1050, 1051, 1055, 1056, 1061, 1063, 1065, 1069, 1073, 1074, 1076, 1077, 1078, 1081, 1083, 1084, 1086, 1087, 1088, 1089, 1090, 1091, 1093, 1094, 1095, 1096, 1097, 1098, 1102, 1108, 1109, 1113, 1114, 1115, 1118, 1123, 1124, 1125, 1127, 1129, 1131, 1132, 1133, 1135, 1138, 1139, 1143, 1144, 1145, 1147, 1153, 1154, 1155, 1156, 1158, 1159, 1160, 1165, 1166, 1167, 1170, 1172, 1174, 1176, 1180, 1181, 1182, 1184, 1185, 1186, 1187, 1189, 1190, 1191, 1193, 1194, 1196, 1199, 1200, 1201, 1202, 1203, 1204, 1205, 1208, 1209, 1212, 1213, 1215, 1216, 1217, 1219, 1221, 1222, 1223, 1224, 1225, 1228, 1229, 1230, 1231, 1232, 1233, 1234, 1236, 1237, 1238, 1239, 1240, 1244, 1248, 1249, 1250, 1256, 1261, 1262, 1263, 1264, 1265, 1267, 1268, 1271, 1272, 1275, 1277, 1279, 1283, 1285, 1286, 1290, 1291, 1292, 1293, 1294, 1297, 1298, 1300, 1301, 1302, 1303, 1305, 1307, 1309, 1311, 1313, 1315, 1316, 1317, 1319, 1320, 1321, 1323, 1324, 1325, 1333, 1335, 1339, 1340, 1341, 1343, 1344, 1346, 1347, 1350, 1352, 1353, 1356, 1358, 1359, 1362, 1364, 1365, 1367, 1368, 1369, 1374, 1375, 1376, 1381, 1383, 1386, 1389, 1392, 1396, 1397, 1398, 1399, 1402, 1403, 1404, 1407, 1408, 1413, 1414, 1415, 1416, 1417, 1421, 1422, 1426, 1428, 1432, 1433, 1434, 1436, 1438, 1439, 1440, 1442, 1444, 1446, 1450, 1451, 1452, 1454, 1456, 1458, 1459, 1463, 1465, 1468, 1469, 1470, 1471, 1473, 1474, 1475, 1478, 1479, 1482, 1485, 1486, 1487, 1488, 1489, 1490, 1492, 1493, 1496, 1497, 1498, 1500, 1503, 1505, 1508, 1512, 1515, 1520, 1521, 1522, 1523, 1524, 1525, 1526, 1527, 1536, 1537, 1539, 1540, 1541, 1542, 1545, 1546, 1548, 1549, 1552, 1553, 1554, 1555, 1556, 1558, 1559, 1561, 1562, 1563, 1564, 1566, 1567, 1568, 1574, 1575, 1576, 1580, 1581, 1583, 1585, 1586, 1590, 1591, 1594, 1595, 1596, 1597, 1599, 1600, 1602, 1605, 1608, 1610, 1611, 1612, 1613, 1614, 1615, 1616, 1618, 1620, 1623, 1630, 1632, 1633, 1636, 1639, 1641, 1642, 1644, 1647, 1648, 1652, 1653, 1656, 1657, 1658, 1662, 1665, 1666, 1668, 1671, 1672, 1673, 1674, 1675, 1676, 1677, 1681, 1684, 1685, 1687, 1688, 1689, 1690, 1694, 1695, 1696, 1697, 1699, 1700, 1703, 1705, 1706, 1708, 1710, 1714, 1716, 1718, 1719, 1722, 1724, 1726, 1727, 1728, 1729, 1730, 1732, 1733, 1735, 1737, 1738, 1743, 1745, 1747, 1748, 1749, 1750, 1752, 1753, 1754, 1756, 1757, 1759, 1761, 1762, 1763, 1765, 1766, 1768, 1771, 1772, 1773, 1775, 1777, 1779, 1783, 1784, 1785, 1793, 1795, 1799, 1800, 1802, 1803, 1805, 1807, 1809, 1810, 1812, 1814, 1816, 1817, 1819, 1820, 1821, 1822, 1823, 1825, 1826, 1832, 1833, 1834, 1835, 1836, 1837, 1838, 1840, 1843, 1844, 1846, 1848, 1852, 1853, 1854, 1855, 1857, 1862, 1863, 1864, 1865, 1866, 1869, 1871, 1872, 1873, 1874, 1875, 1876, 1880, 1882, 1884, 1885, 1886, 1888, 1891, 1892, 1893, 1894, 1895, 1896, 1898, 1899, 1900, 1901, 1903, 1907, 1910, 1912, 1913, 1914, 1915, 1916, 1918, 1920, 1921, 1922, 1925, 1926, 1928, 1931, 1932, 1933, 1934, 1935, 1936, 1937, 1938, 1939, 1941, 1942, 1943, 1944, 1946, 1947, 1949, 1950, 1955, 1956, 1957, 1959, 1961, 1963, 1965, 1966, 1968, 1969, 1973, 1976, 1978, 1980, 1985, 1986, 1988, 1993, 1994, 1995, 1996, 2000, 2002, 2004, 2009, 2010, 2011, 2012, 2014, 2016, 2017, 2018, 2020, 2025, 2026, 2028, 2029, 2034, 2040, 2041, 2044, 2046, 2049, 2051, 2055, 2057, 2058, 2060, 2061, 2062, 2064, 2066, 2067, 2068, 2072, 2074, 2075, 2082, 2086, 2088, 2097, 2098, 2103, 2106, 2111, 2112, 2114, 2117, 2118, 2121, 2124, 2126, 2130, 2132, 2133, 2134, 2135, 2136, 2138, 2139, 2142, 2147, 2148, 2149, 2150, 2153, 2154, 2157, 2158, 2161, 2162, 2163, 2164, 2165, 2168, 2169, 2170, 2172, 2174, 2175, 2176, 2178, 2181, 2182, 2183, 2185, 2186, 2187, 2192, 2194, 2195, 2196, 2197, 2201, 2203, 2205, 2206, 2210, 2212, 2213, 2214, 2218, 2219, 2221, 2222, 2223, 2224, 2225, 2229, 2231, 2236, 2238, 2241, 2242, 2243, 2244, 2245, 2246, 2248, 2249, 2251, 2252, 2253, 2255, 2258, 2261, 2265, 2267, 2272, 2273, 2275, 2279, 2280, 2281, 2282, 2283, 2284, 2291, 2295, 2296, 2298, 2299, 2300, 2302, 2304, 2305, 2306, 2307, 2309, 2310, 2311, 2313, 2314, 2315, 2317, 2318, 2319, 2321, 2324, 2325, 2326, 2327, 2331, 2332, 2333, 2334, 2335, 2336, 2337, 2339, 2340, 2341, 2345, 2346, 2348, 2349, 2352, 2353, 2354, 2356, 2357, 2359, 2364, 2365, 2367, 2371, 2372, 2373, 2375, 2377, 2379, 2380, 2382, 2383, 2389, 2392, 2393, 2394, 2396, 2401, 2405, 2409, 2411, 2412, 2413, 2416, 2417, 2420, 2421, 2422, 2424, 2425, 2427, 2428, 2432, 2433, 2434, 2435, 2436, 2438, 2441, 2442, 2443, 2444, 2445, 2447, 2450, 2452, 2453, 2455, 2458, 2460, 2462, 2466, 2469, 2470, 2471, 2472, 2473, 2474, 2479, 2480, 2481, 2482, 2483, 2485, 2487, 2489, 2493, 2494, 2495, 2496, 2497, 2500, 2501, 2503, 2507, 2508, 2509, 2510, 2511, 2513, 2516, 2517, 2519, 2521, 2523, 2527, 2528, 2532, 2533, 2535, 2537, 2539, 2542, 2544, 2547, 2548, 2549, 2553, 2558, 2559, 2561, 2562, 2566, 2568, 2569, 2572, 2573, 2575, 2576, 2578, 2580, 2583, 2584, 2585, 2587, 2589, 2590, 2593, 2594, 2596, 2597, 2601, 2602, 2604, 2605, 2606, 2607, 2608, 2609, 2611, 2612, 2613, 2616, 2618, 2619, 2622, 2624, 2627, 2628, 2630, 2631, 2632, 2637, 2639, 2641, 2644, 2646, 2648, 2652, 2654, 2655, 2656, 2657, 2658, 2662, 2663, 2664, 2665, 2667, 2670, 2671, 2673, 2674, 2676, 2678, 2680, 2687, 2688, 2690, 2693, 2695, 2697, 2698, 2699, 2700, 2701, 2702, 2703, 2705, 2706, 2712, 2713, 2716, 2717, 2722, 2724, 2732, 2733, 2735, 2736, 2738, 2741, 2742, 2744, 2746, 2747, 2749, 2750, 2751, 2752, 2755, 2760, 2761, 2762, 2763, 2764, 2765, 2766, 2769, 2771, 2774, 2775, 2777, 2778, 2779, 2781, 2783, 2785, 2788, 2795, 2799, 2800, 2803, 2804, 2807, 2809, 2814, 2815, 2819, 2820, 2823, 2824, 2827, 2828, 2829, 2830, 2835, 2836, 2837, 2839, 2845, 2847, 2848, 2849, 2850, 2851, 2854, 2857, 2858, 2859, 2860, 2861, 2863, 2864, 2868, 2869, 2871, 2872, 2876, 2877, 2883, 2888, 2889, 2890, 2891, 2895, 2900, 2903, 2905, 2906, 2909, 2910, 2911, 2914, 2919, 2922, 2924, 2927, 2929, 2930, 2931, 2935, 2939, 2940, 2943, 2944, 2945, 2946, 2947, 2949, 2952, 2954, 2955, 2956, 2958, 2959, 2960, 2961, 2964, 2966, 2969, 2970, 2971, 2972, 2974, 2975, 2977, 2980, 2981, 2982, 2987, 2991, 2992, 2993, 2998, 2999, 3000, 3001, 3003, 3004, 3005, 3006, 3009, 3012, 3014, 3015, 3019, 3020, 3023, 3024, 3027, 3028, 3030, 3034, 3035, 3036, 3037, 3039, 3040, 3042, 3044, 3045, 3046, 3047, 3048, 3050, 3051, 3055, 3057, 3058, 3059, 3060, 3065, 3069, 3070, 3072, 3073, 3074, 3075, 3078, 3079, 3080, 3082, 3085, 3087, 3088, 3090, 3091, 3092, 3093, 3094, 3095, 3096, 3097, 3098, 3101, 3102, 3103, 3106, 3107, 3108, 3110, 3112, 3113, 3114, 3116, 3118, 3120, 3121, 3122, 3125, 3126, 3128, 3130, 3133, 3134, 3135, 3136, 3137, 3138, 3141, 3142, 3145, 3146, 3147, 3148, 3149, 3150, 3153, 3154, 3155, 3157, 3159, 3161, 3164, 3165, 3167, 3169, 3170, 3172, 3173, 3175, 3176, 3180, 3181, 3184, 3186, 3188, 3189, 3190, 3193, 3194, 3196, 3198, 3200, 3202, 3203, 3205, 3207, 3208, 3211, 3216, 3218, 3221, 3222, 3223, 3226, 3228, 3229, 3231, 3232, 3233, 3234, 3235, 3240, 3243, 3247, 3248, 3249, 3250, 3255, 3256, 3260, 3263, 3267, 3270, 3271, 3273, 3275, 3276, 3279, 3284, 3286, 3287, 3291, 3293, 3295, 3296, 3297, 3299, 3304, 3307, 3309, 3310, 3311, 3312, 3315, 3317, 3318, 3321, 3325, 3327, 3328, 3329, 3330, 3331, 3333, 3334, 3336, 3338, 3340, 3342, 3344, 3345, 3348, 3352, 3355, 3357, 3358, 3359, 3361, 3362, 3363, 3364, 3365, 3366, 3367, 3369, 3373, 3374, 3375, 3376, 3377, 3379, 3380, 3381, 3382, 3383, 3385, 3389, 3391, 3394, 3396, 3398, 3399, 3401, 3404, 3407, 3409, 3412, 3413, 3414, 3415, 3418, 3422, 3426, 3427, 3428, 3429, 3431, 3434, 3435, 3436, 3440, 3442, 3447, 3449, 3450, 3451, 3453, 3455, 3456, 3457, 3458, 3460, 3462, 3463, 3464, 3468, 3470, 3472, 3474, 3475, 3476, 3478, 3479, 3481, 3483, 3488, 3489, 3492, 3499, 3500, 3501, 3502, 3503, 3505, 3506, 3513, 3514, 3515, 3516, 3517, 3518, 3521, 3524, 3526, 3527, 3528, 3529, 3532, 3533, 3535, 3537, 3538, 3544, 3545, 3546, 3549, 3550, 3552, 3555, 3558, 3559, 3560, 3561, 3562, 3564, 3565, 3566, 3567, 3568, 3569, 3570, 3571, 3572, 3573, 3576, 3581, 3582, 3585, 3588, 3589, 3593, 3594, 3596, 3602, 3603, 3606, 3607, 3608, 3609, 3611, 3614, 3616, 3618, 3620, 3621, 3623, 3625, 3628, 3629, 3631, 3642, 3648, 3652, 3656, 3658, 3660, 3662, 3663, 3666, 3668, 3669, 3672, 3674, 3677, 3678, 3680, 3682, 3684, 3686, 3687, 3688, 3689, 3690, 3691, 3694, 3697, 3699, 3700, 3702, 3703, 3704, 3706, 3709, 3710, 3711, 3712, 3713, 3719, 3722, 3723, 3724, 3725, 3727, 3728, 3729, 3730, 3732, 3736, 3737, 3739, 3740, 3743, 3744, 3748, 3749, 3750, 3752, 3753, 3757, 3758, 3761, 3763, 3764, 3768, 3774, 3775, 3776, 3777, 3782, 3783, 3784, 3785, 3789, 3791, 3793, 3798, 3799, 3800, 3802, 3803, 3805, 3808, 3810, 3812, 3813, 3814, 3816, 3817, 3818, 3819, 3821, 3822, 3823, 3824, 3825, 3828, 3831, 3832, 3835, 3836, 3837, 3838, 3839, 3840, 3842, 3843, 3844, 3845, 3846, 3848, 3849, 3850, 3854, 3855, 3857, 3858, 3859, 3863, 3864, 3868, 3870, 3877, 3878, 3879, 3881, 3886, 3887, 3888, 3889, 3890, 3891, 3893, 3894, 3895, 3897, 3898, 3902, 3904, 3906, 3910, 3912, 3913, 3919, 3922, 3925, 3928, 3929, 3930, 3931, 3934, 3935, 3936, 3937, 3938, 3939, 3944, 3949, 3950, 3955, 3958, 3962, 3963, 3967, 3968, 3971, 3972, 3973, 3974, 3975, 3976, 3978, 3980, 3981, 3986, 3987, 3988, 3990, 3991, 3992, 3993, 3994, 3996, 3998, 3999, 4000, 4004, 4005, 4007, 4009, 4010, 4011, 4012, 4013, 4017, 4020, 4022, 4024, 4026, 4027, 4028, 4030, 4032, 4033, 4034, 4035, 4036, 4037, 4039, 4040, 4042, 4043, 4045, 4046, 4047, 4048, 4050, 4054, 4060, 4062, 4066, 4067, 4069, 4070, 4072, 4073, 4074, 4077, 4083, 4091, 4093, 4098, 4100, 4101, 4106, 4107, 4109, 4111, 4112, 4114, 4115, 4116, 4120, 4122, 4127, 4133, 4135, 4137, 4140, 4142, 4143, 4144, 4146, 4148, 4149, 4150, 4152, 4155, 4162, 4165, 4166, 4167, 4168, 4172, 4173, 4175, 4177, 4179, 4181, 4183, 4186, 4187, 4189, 4191, 4195, 4198, 4199, 4201, 4202, 4203, 4206, 4207, 4208, 4210, 4211, 4212, 4213, 4214, 4216, 4219, 4221, 4222, 4223, 4225, 4227, 4229, 4233, 4236, 4238, 4240, 4241, 4242, 4245, 4247, 4249, 4251, 4252, 4253, 4254, 4255, 4256, 4258, 4259, 4261, 4262, 4264, 4265, 4266, 4268, 4269, 4272, 4277, 4278, 4279, 4280, 4281, 4282, 4283, 4284, 4286, 4287, 4289, 4290, 4292, 4293, 4294, 4296, 4302, 4304, 4305, 4307, 4308, 4309, 4310, 4311, 4314, 4316, 4317, 4320, 4322, 4325, 4326, 4327, 4328, 4332, 4333, 4335, 4339, 4341, 4345, 4347, 4350, 4352, 4354, 4356, 4362, 4364, 4367, 4368, 4371, 4375, 4377, 4380, 4382, 4383, 4385, 4387, 4388, 4389, 4390, 4392, 4396, 4398, 4400, 4401, 4402, 4405, 4406, 4408, 4409, 4411, 4414, 4417, 4424, 4425, 4426, 4428, 4429, 4430, 4432, 4433, 4435, 4437, 4439, 4443, 4449, 4451, 4453, 4456, 4457, 4458, 4459, 4461, 4462, 4463, 4464, 4466, 4470, 4472, 4474, 4475, 4476, 4477, 4478, 4480, 4481, 4483, 4485, 4489, 4490, 4496, 4497, 4498, 4501, 4502, 4503, 4504, 4509, 4510, 4515, 4519, 4520, 4522, 4525, 4527, 4530, 4536, 4538, 4540, 4541, 4546, 4547, 4549, 4550, 4557, 4559, 4561, 4564, 4567, 4568, 4569, 4572, 4573, 4574, 4576, 4577, 4578, 4579, 4581, 4584, 4589, 4591, 4596, 4597, 4599, 4600, 4601, 4602, 4603, 4604, 4605, 4607, 4609, 4612, 4613, 4616, 4617, 4618, 4619, 4620, 4621, 4622, 4626, 4627, 4631, 4632, 4635, 4639, 4640, 4644, 4646, 4648, 4650, 4652, 4653, 4654, 4655, 4656, 4657, 4658, 4660, 4662, 4665, 4666, 4670, 4673, 4678, 4682, 4683, 4684, 4686, 4690, 4694, 4695, 4700, 4702, 4703, 4705, 4706, 4711, 4713, 4714, 4715, 4716, 4717, 4718, 4721, 4724, 4726, 4727, 4729, 4731, 4732, 4733, 4736, 4739, 4741, 4743, 4744, 4745, 4746, 4749, 4750, 4752, 4755, 4757, 4759, 4761, 4764, 4766, 4767, 4768, 4769, 4771, 4772, 4773, 4775, 4777, 4778, 4779, 4780, 4781, 4783, 4784, 4785, 4786, 4788, 4789, 4790, 4792, 4794, 4795, 4798, 4800, 4801, 4802, 4803, 4805, 4806, 4808, 4809, 4813, 4816, 4817, 4818, 4820, 4823, 4825, 4826, 4828, 4830, 4831, 4834, 4835, 4836, 4837, 4839, 4841, 4843, 4844, 4845, 4847, 4851, 4853, 4857, 4858, 4859, 4860, 4861, 4865, 4869, 4871, 4872, 4874, 4875, 4879, 4880, 4882, 4883, 4886, 4887, 4893, 4894, 4897, 4899, 4900, 4901, 4902, 4903, 4904, 4907, 4911, 4912, 4913, 4914, 4916, 4925, 4929, 4932, 4933, 4934, 4935, 4936, 4938, 4939, 4940, 4941, 4942, 4943, 4946, 4947, 4949, 4951, 4953, 4954, 4957, 4958, 4959, 4963, 4964, 4965, 4966, 4971, 4973, 4974, 4976, 4977, 4982, 4985, 4987, 4989, 4991, 4992, 4995, 4997, 4998, 4999, 5001, 5004, 5005, 5006, 5008, 5009, 5010, 5014, 5015, 5018, 5019, 5021, 5023, 5024, 5027, 5029, 5031, 5033, 5035, 5036, 5040, 5043, 5044, 5045, 5046, 5052, 5055, 5059, 5060, 5061, 5068, 5070, 5072, 5077, 5079, 5080, 5082, 5084, 5089, 5090, 5091, 5092, 5093, 5099, 5100, 5104, 5106, 5108, 5109, 5110, 5111, 5112, 5116, 5117, 5118, 5119, 5122, 5124, 5125, 5126, 5127, 5130, 5131, 5135, 5137, 5139, 5140, 5141, 5142, 5143, 5146, 5148, 5149, 5150, 5151, 5152, 5153, 5155, 5156, 5157, 5162, 5163, 5164, 5165, 5166, 5173, 5174, 5175, 5178, 5179, 5180, 5182, 5183, 5184, 5185, 5187, 5192, 5193, 5194, 5195, 5198, 5201, 5202, 5203, 5204, 5209, 5212, 5213, 5214, 5217, 5218, 5221, 5222, 5223, 5224, 5225, 5226, 5229, 5230, 5232, 5234, 5235, 5237, 5239, 5245, 5246, 5247, 5251, 5253, 5254, 5255, 5259, 5264, 5265, 5267, 5270, 5271, 5274, 5277, 5278, 5279, 5280, 5282, 5283, 5284, 5285, 5288, 5292, 5295, 5296, 5297, 5298, 5299, 5301, 5302, 5304, 5305, 5308, 5309, 5310, 5311, 5314, 5317, 5319, 5321, 5322, 5323, 5324, 5326, 5327, 5332, 5339, 5342, 5344, 5346, 5347, 5348, 5349, 5352, 5353, 5355, 5356, 5358, 5359, 5360, 5362, 5363, 5364, 5366, 5367, 5368, 5371, 5372, 5378, 5379, 5382, 5383, 5387, 5388, 5390, 5393, 5394, 5395, 5396, 5397, 5399, 5402, 5403, 5406, 5407, 5415, 5416, 5419, 5420, 5421, 5422, 5423, 5425, 5427, 5428, 5431, 5434, 5435, 5436, 5442, 5443, 5446, 5449, 5451, 5452, 5453, 5454, 5456, 5458, 5459, 5460, 5462, 5463, 5467, 5471, 5474, 5475, 5476, 5478, 5479, 5480, 5484, 5486, 5487, 5490, 5492, 5495, 5497, 5499, 5500, 5501, 5502, 5505, 5507, 5508, 5509, 5511, 5512, 5513, 5515, 5516, 5517, 5519, 5520, 5524, 5526, 5528, 5531, 5533, 5534, 5536, 5537, 5538, 5541, 5544, 5546, 5548, 5552, 5556, 5559, 5561, 5562, 5564, 5566, 5568, 5569, 5571, 5572, 5573, 5574, 5578, 5582, 5583, 5585, 5587, 5589, 5593, 5594, 5595, 5596, 5597, 5598, 5600, 5601, 5602, 5603, 5607, 5608, 5610, 5612, 5613, 5614, 5616, 5617, 5618, 5620, 5621, 5624, 5626, 5627, 5628, 5629, 5630, 5633, 5635, 5637, 5638, 5641, 5642, 5646, 5647, 5648, 5650, 5654, 5655, 5657, 5658, 5659, 5662, 5664, 5665, 5669, 5670, 5671, 5673, 5675, 5677, 5678, 5680, 5682, 5684, 5685, 5687, 5690, 5691, 5692, 5693, 5694, 5696, 5697, 5698, 5703, 5711, 5715, 5717, 5718, 5719, 5721, 5724, 5725, 5727, 5729, 5733, 5734, 5735, 5743, 5745, 5746, 5749, 5750, 5751, 5753, 5755, 5759, 5760, 5765, 5769, 5771, 5772, 5774, 5777, 5780, 5781, 5782, 5783, 5784, 5787, 5788, 5793, 5795, 5799, 5800, 5801, 5805, 5806, 5808, 5809, 5810, 5811, 5814, 5816, 5817, 5819, 5823, 5825, 5826, 5827, 5829, 5831, 5832, 5834, 5836, 5837, 5839, 5840, 5842, 5843, 5844, 5848, 5849, 5851, 5855, 5859, 5860, 5861, 5862, 5864, 5865, 5866, 5867, 5869, 5870, 5871, 5872, 5873, 5875, 5882, 5884, 5887, 5888, 5889, 5890, 5891, 5892, 5894, 5895, 5897, 5899, 5902, 5904, 5907, 5908, 5911, 5912, 5914, 5916, 5917, 5918, 5931, 5933, 5934, 5936, 5937, 5938, 5940, 5942, 5943, 5944, 5945, 5946, 5948, 5950, 5951, 5954, 5956, 5958, 5959, 5961, 5964, 5965, 5966, 5967, 5970, 5971, 5973, 5974, 5975, 5976, 5977, 5979, 5981, 5982, 5983, 5986, 5987, 5989, 5993, 5994, 5997, 6000, 6002, 6003, 6006, 6007, 6009, 6010, 6011, 6013, 6015, 6016, 6017, 6020, 6022, 6027, 6028, 6029, 6031, 6032, 6037, 6039, 6041, 6042, 6043, 6047, 6050, 6053, 6055, 6056, 6057, 6058, 6059, 6060, 6061, 6063, 6065, 6066, 6067, 6069, 6070, 6071, 6074, 6076, 6077, 6080, 6082, 6083, 6084, 6085, 6086, 6087, 6088, 6089, 6090, 6097, 6098, 6101, 6102, 6103, 6104, 6109, 6114, 6119, 6120, 6121, 6124, 6126, 6127, 6129, 6131, 6132, 6133, 6134, 6135, 6136, 6140, 6141, 6143, 6144, 6145, 6147, 6148, 6152, 6153, 6154, 6156, 6159, 6160, 6163, 6166, 6167, 6168, 6169, 6171, 6173, 6174, 6176, 6178, 6179, 6180, 6182, 6184, 6185, 6186, 6190, 6191, 6192, 6194, 6195, 6196, 6198, 6199, 6200, 6204, 6205, 6206, 6208, 6210, 6214, 6217, 6218, 6219, 6220, 6222, 6224, 6227, 6228, 6230, 6233, 6234, 6235, 6239, 6240, 6241, 6245, 6248, 6250, 6254, 6255, 6257, 6260, 6261, 6262, 6264, 6266, 6267, 6268, 6269, 6270, 6271, 6273, 6275, 6277, 6279, 6280, 6281, 6282, 6284, 6286, 6289, 6290, 6292, 6293, 6295, 6296, 6297, 6298, 6302, 6305, 6306, 6307, 6309, 6311, 6312, 6314, 6315, 6316, 6317, 6324, 6330, 6331, 6332, 6339, 6343, 6345, 6346, 6351, 6354, 6355, 6357, 6359, 6360, 6361, 6362, 6363, 6366, 6368, 6370, 6372, 6373, 6374, 6375, 6376, 6378, 6381, 6383, 6385, 6386, 6388]